# count rate in cpm
48
26
55
44
62
54
52
36
44
38
72
54
44
48
68
62
30
46
82
30
52
54
72
40
46
41
26
56
56
54
34
34
30
68
40
70
34
35
19
23
27
33
21
49
25
36
28
21
31
22
21
28
29
18
22
25
33
44
40
16
15
34
28
25
23
11
21
21
18
23
27
25
22
24
20
36
20
24
31
34
23
39
35
28
19
21
32
29
22
23
23
21
28
22
18
15
18
28
20
17
21
27
45
37
21
40
24
19
34
23
40
23
25
28
22
18
26
24
21
21
20
26
20
19
22
33
18
24
18
16
20
15
25
22
17
26
20
30
31
25
35
16
21
24
23
16
26
16
18
31
24
29
28
29
15
16
37
25
19
13
21
29
22
17
18
15
19
27
21
31
24
28
29
30
22
18
22
24
24
23
26
13
21
16
23
17
12
30
34
29
19
32
19
15
17
31
34
19
17
15
24
29
31
15
19
16
37
24
30
29
25
20
22
22
30
24
15
30
24
19
21
34
25
21
31
27
19
36
26
18
21
14
14
26
24
22
25
22
24
27
15
28
29
18
28
23
33
25
27
9
15
32
31
17
27
12
21
29
17
25
20
18
21
21
17
26
26
16
23
26
17
16
29
23
20
25
18
29
19
13
33
21
29
22
22
18
18
17
25
29
23
14
20
22
16
26
19
18
28
19
23
28
25
17
23
26
19
21
33
25
19
14
26
19
27
16
25
20
21
26
21
21
22
16
19
22
23
21
29
25
28
17
27
21
24
22
19
16
30
21
13
24
15
20
19
27
25
20
20
22
20
19
30
20
19
22
23
19
19
28
14
21
23
29
18
26
19
18
22
17
28
36
26
31
27
22
13
17
20
26
28
21
18
17
21
19
21
26
37
21
27
25
28
29
24
23
16
27
21
22
24
24
16
17
22
26
33
19
18
22
32
20
34
18
28
23
35
25
30
32
25
14
34
17
20
8
23
30
19
25
23
21
19
33
27
22
30
24
19
41
20
15
17
22
24
15
26
24
34
14
22
20
26
27
27
16
24
18
27
21
17
15
19
29
40
23
21
27
18
28
31
19
21
39
20
18
22
30
19
22
22
28
19
23
28
34
21
22
23
18
13
32
31
23
20
14
20
20
32
20
23
27
37
23
27
25
13
23
17
19
32
29
16
25
29
24
25
18
28
25
24
30
38
28
31
28
13
37
21
32
28
29
21
20
21
20
30
24
20
16
15
19
16
22
31
