39
58
42
36
41
34
55
41
24
37
35
34
43
34
51
51
45
36
20
32
47
27
43
44
31
38
44
32
34
37
38
40
28
40
34
37
38
41
37
40
36
40
49
44
43
52
41
45
43
27
47
48
32
25
39
50
51
30
34
40
33
46
40
48
32
28
26
53
41
36
30
28
33
26
50
29
57
37
24
46
35
38
44
24
48
28
34
34
38
69
41
38
48
38
45
45
35
43
31
47
46
43
40
40
48
42
31
48
43
36
33
26
47
47
40
55
46
34
51
36
45
46
36
36
18
40
49
29
49
21
45
46
36
47
52
44
38
46
48
27
62
40
47
36
39
36
44
24
43
40
31
47
26
34
26
51
44
42
25
36
31
38
40
28
39
37
46
40
36
58
33
45
34
28
48
40
43
43
52
32
29
36
32
12
55
47
44
42
38
28
51
38
38
34
27
53
36
40
51
36
40
55
34
51
26
35
33
32
30
46
47
31
28
44
42
44
35
53
36
39
41
52
36
33
29
49
29
32
33
46
32
36
33
46
34
40
38
51
55
34
36
24
29
21
56
39
49
34
30
46
34
40
28
41
38
56
44
25
47
53
46
46
29
39
37
36
55
24
39
39
34
45
28
39
37
33
24
27
26
58
32
16
41
53
32
32
26
36
47
36
24
29
41
51
33
32
36
41
23
44
31
61
36
44
37
35
44
39
36
42
42
37
40
20
36
41
56
26
24
39
36
57
32
40
40
25
40
53
38
52
55
31
33
34
56
44
53
45
42
55
46
51
44
34
28
38
42
30
50
38
38
26
43
46
46
24
48
49
25
48
47
29