33
47
25
46
55
43
29
57
36
65
43
42
37
37
28
25
18
37
25
35
31
33
28
46
39
38
32
50
28
26
40
27
30
39
30
36
33
42
29
36
37
44
21
35
50
34
105
82
116
62
118
40
86
65
69
77
68
101
50
102
20
48
45
25
38
69
68
33
133
84
88
90
59
64
30
77
57
53
107
129
73
70
66
27
49
57
87
89
72
45
62
62
49
79
76
53
25
24
44
38
30
31
26
33
25
38
38
48
15
34
69
21
38
44
39
37
40
51
34
28
31
45
34
55
32
20
30
34
37
44
45
54
44
33
39
32
30
32
40
37
34
27
45
44
32
72
54
55
53
60
52
140
72
29
54
30
31
33
28
37
37
52
31
63
43
55
20
31
35
48
29
32
29
25
34
23
26
21
47
77
76
60
36
34
48
37
52
35
37
36
53
21
41
36
40
43
50
44
52
29
22
33
24
30
46
25
39
19
47
47
36
33
39
33
30
29
35
34
36
41
40
43
28
43
29
38
26
29
46
49
34
42
40
36
38
35
26
37
47
24
29
28
130
58
44
42
17
40
29
27
44
27
28
16
28
26
24
28
40
36
32
25
48
18
16
20
44
34
29
37
36
42
36
42
34
30
37
25
50
38
46
20
35
36
40
28
32
32
35
29
26
33
33
24
15
52
40
28
29
39
36
42
35
18
28
38
45
23
31
37
40
36
40
34
22
46
38
20
39
28
31
35
37
19
33
28
27
24
30
43
31
34
47
29
26
43
38
36
33
30
31
32